lessons/tabular_data/data/discoveraq-mrg10-p3b_merge_20140720_R2.ict
183, 1001
Shook, Michael
NASA Atmospheric Composition Branch, NASA Langley Research Center (SSAI)
Merged data file for DISCOVERAQ-Colorado 2014, Flight Day 02 (20140720), on the p3 platform. Data is merged to 10 seconds.
NASA DISCOVER-AQ Colorado Mission 2014
1, 1
2014, 07, 20, 2017, 10, 13
10
UTC,s
137
1, 1, 1, 1, 1, 1, 1, 1, 1, 1, 1, 1, 1, 1, 1, 1, 1, 1, 1, 1, 1, 1, 1, 1, 1, 1, 1, 1, 1, 1, 1, 1, 1, 1, 1, 1, 1, 1, 1, 1, 1, 1, 1, 1, 1, 1, 1, 1, 1, 1, 1, 1, 1, 1, 1, 1, 1, 1, 1, 1, 1, 1, 1, 1, 1, 1, 1, 1, 1, 1, 1, 1, 1, 1, 1, 1, 1, 1, 1, 1, 1, 1, 1, 1, 1, 1, 1, 1, 1, 1, 1, 1, 1, 1, 1, 1, 1, 1, 1, 1, 1, 1, 1, 1, 1, 1, 1, 1, 1, 1, 1, 1, 1, 1, 1, 1, 1, 1, 1, 1, 1, 1, 1, 1, 1, 1, 1, 1, 1, 1, 1, 1, 1, 1, 1, 1, 1
-9999999, -9999999, -9999999, -9999999, -9999999, -9999999, -9999999, -9999999, -9999999, -9999999, -9999999, -9999999, -9999999, -9999999, -9999999, -9999999, -9999999, -9999999, -9999999, -9999999, -9999999, -9999999, -9999999, -9999999, -9999999, -9999999, -9999999, -9999999, -9999999, -9999999, -9999999, -9999999, -9999999, -9999999, -9999999, -9999999, -9999999, -9999999, -9999999, -9999999, -9999999, -9999999, -9999999, -9999999, -9999999, -9999999, -9999999, -9999999, -9999999, -9999999, -9999999, -9999999, -9999999, -9999999, -9999999, -9999999, -9999999, -9999999, -9999999, -9999999, -9999999, -9999999, -9999999, -9999999, -9999999, -9999999, -9999999, -9999999, -9999999, -9999999, -9999999, -9999999, -9999999, -9999999, -9999999, -9999999, -9999999, -9999999, -9999999, -9999999, -9999999, -9999999, -9999999, -9999999, -9999999, -9999999, -9999999, -9999999, -9999999, -9999999, -9999999, -9999999, -9999999, -9999999, -9999999, -9999999, -9999999, -9999999, -9999999, -9999999, -9999999, -9999999, -9999999, -9999999, -9999999, -9999999, -9999999, -9999999, -9999999, -9999999, -9999999, -9999999, -9999999, -9999999, -9999999, -9999999, -9999999, -9999999, -9999999, -9999999, -9999999, -9999999, -9999999, -9999999, -9999999, -9999999, -9999999, -9999999, -9999999, -9999999, -9999999, -9999999, -9999999, -9999999, -9999999, -9999999, -9999999
JDAY, days
INDEX, none
FLIGHT, none
LOCAL_SUN_TIME, hour
LATITUDE, degs
LONGITUDE, degs
ALTP, km
PRESSURE, hPa
TEMPERATURE, K
THETA, K
O3COLUMN, DU
SZA, deg
WNS, m s-1
WND, Degs
DayOfYear, day
GPS_ALT, km
Radar_Altitude, km
GRD_SPD, m s-1
TAS, m s-1
IAS, m/s
MachNumber, mach
VerticalSpeed, m s-1
HDG, degs
TRK, degs
DriftAngle, degs
PITCH, degs
ROLL, degs
StaticTemp_Aircraft, K
Theta_REVEAL, K
Dewpoint, K
TotalTemp_Aircraft, K
TotalTemp, K
IR_SurfTemp, K
CabinPressure, hPa
SolarZenithAngle, degs
AircraftSunElevation, degs
SunAzimuth, degs
AircraftSunAzimuth, degs
MixingRatio, g kg-1
VaporPresWater, hPa
SatVaporPresWater, hPa
SatVaporPresIce, hPa
RelativeHumidity, %
ProfileNumber, none
SiteSeqNumber, none
MissedApproachNumber, none
ProfileCenterBearing, degs
IRS_VERT_ACC, G
A_JNO2_Nadir, sec-1
A_JNO2_Zenith, sec-1
C_DiffPressure, hPa
C_CabAltitude, km
H2O_DLH, ppmv
CO_DACOM, ppbv
CH4_DACOM, ppbv
N2O_DACOM, ppbv
CH2O_DFGAS, pptv
CO2_LICOR, ppmv
Ethane_TILDAS, ppbv
Ethane-dry_TILDAS, ppbv
NO_MixingRatio, pptv
NOy_MixingRatio, pptv
NO2_MixingRatio, pptv
O3_MixingRatio, ppbv
NO2_LIF, pptv
PNs_LIF, pptv
ANs_LIF, pptv
HNO3_LIF, pptv
CNgt3nm, cm-3
CNgt10nm, cm-3
CNgt10nm_nonvol, cm-3
LiquidWaterContent_CAS_LARGE, g m-3
[...]
[from data line 535]
56305,   201,             20536,                2,  8.637419434,   40.07002106,   254.9362915,   4.708702858,   561.5582,   274.1647739,   323.3055427,   306.1430054,   46.87749083,    -9999999,   -9999999,  201,   5.0113,    -9999999,  132.2185,   129.5562,   101.3447829,   0.3900123,   -0.911638,   20.96684,   23.52613,   3.054199,   2.19033,   7.7429556,   274.0249939,   323.182,   263.7139579,   282.5499939,   282.6092209,    -9999999,   -9999999,  48.367,   48.56465,   97.6391,   71.61423,   3.344741,   3.003576,   6.595709,   6.660877,   45.55776,            104003,                0,                0,  302.2846,   -0.0108,   0.0021733,   0.0087,   60.2978,   1.949338259,   5544.815,   121.849,   1848.633,    -9999999,   -9999999,   -9999999,  0.649,   0.651,    -9999999,   -9999999,   -9999999,   -9999999,   -9999999,   -9999999,   -9999999,   -9999999,  810.313,   916.536,   376.398,    -9999999,   -9999999,   -9999999,  624.86,   0.74,   552.396,   2.34,    -9999999,   -9999999,  1.949,   0.759,   0.202,   0.679,   0,   0,   23.879,   34.909,   23.374,   14.017,   32.824,   22.947,   8.446,   -0.635,   -0.55,   -0.565,   25.004,   24.478,   0.034,   1.05,   2.237,   2.225,    -9999999,   -9999999,   -9999999,   -9999999,   -9999999,  1.81,    -9999999,   -9999999,   -9999999,   -8888888,  0.009,   0.068,   0.014,    -8888888,   -8888888,   -8888888,   -8888888,   -8888888,   -9999999,  0.62323,   3.88485,   0.18316,   -0.00638,   0.53646,   2.73788,   0.08282,   0.00254,   0.05249,   0.04094,   0.03671,   0.0011,   0.00754,   -0.00945,   0.02056756757,      -9999999  
56315,   201,             20537,                2,  8.640724148,   40.08002091,   254.9441956,   4.695992698,   562.5057,   274.0410173,   323.0039852,   306.1430054,   46.8415677,    -9999999,   -9999999,  201,   4.9966,    -9999999,  130.4822,   126.3765,   98.14234245,   0.3794249,   -1.452914,   38.10388,   38.016,   1.2266241,   2.244268,   24.8775,   274.0999939,   322.8802,   263.9825159,   282.1249939,   282.1392539,    -9999999,   -9999999,  48.33075,   59.15751,   97.68437,   36.85068,   3.410132,   3.067142,   6.536723,   6.593212,   46.92543,            104003,                0,                0,  325.3129,   -0.0139,   0.00218,   0.0086074,   57.1571,   1.949939447,   5682.557778,   122.128,   1846.203,    -9999999,   -9999999,   -9999999,  0.78,   0.783,    -9999999,   -9999999,   -9999999,   -9999999,   -9999999,   -9999999,   -9999999,   -9999999,  812.094,   919.775,   380.367,    -9999999,   -9999999,   -9999999,  624.86,   0.74,   565.445,   2.376,    -9999999,   -9999999,  2.071,   0.904,   0.264,   0.559,   0,   0,   23.83,   33.552,   23.302,   12.921,   34.197,   22.528,   7.131,   -0.912,   -0.736,   -0.383,   24.752,   24.193,   0.036,   1.052,   2.167,   2.156,    -9999999,   -9999999,   -9999999,   -9999999,   -9999999,  1.81,    -9999999,   -9999999,   -9999999,   -8888888,  0.009,   0.068,   0.014,    -8888888,   -8888888,   -8888888,   -8888888,   -8888888,   -9999999,  0.47517,   4.36381,   0.20861,   0.1123,   0.52081,   2.77221,   0.11791,   0.01318,   0.04884,   0.04878,   0.09173,   0.00417,   -0.0008,   0.0009,   -0.00635,      -9999999  
56325,   201,             20538,                2,  8.644295587,   40.08699151,   254.9561005,   4.673620378,   564.1768,   274.2135725,   322.9335539,   306.1430054,   46.80216643,    -9999999,   -9999999,  201,   4.971,    -9999999,  129.8714,   121.8138,   94.95919351,   0.3657874,   -2.790064,   67.39398,   63.64984,   -1.7517693,   2.294528,   35.31126,   274.1999939,   322.8099,   264.2351999,   281.6999939,   281.7632739,    -9999999,   -9999999,  48.29106,   47.83961,   97.72993,   353.85137,   3.468613,   3.128744,   6.618397,   6.686788,   47.27528,            104003,                0,                0,  346.1539,   -0.0698,   0.0023018,   0.0086021,   53.0273,   1.951226321,   5842.318,   124.427,   1839.72,    -9999999,  762.2,   398.67925,   0.935,   0.9375,    -9999999,   -9999999,   -9999999,   -9999999,   -9999999,   -9999999,   -9999999,   -9999999,  808.695,   914.296,   384.221,    -9999999,   -9999999,   -9999999,  624.86,   0.74,   617.113,   2.613,    -9999999,   -9999999,  1.827,   0.768,   0.151,   0.3,   0,   0,   23.361,   35.997,   22.962,   13.897,   36.173,   22.797,   7.76,   -0.388,   -0.266,   -0.279,   24.76,   24.347,   0.02,   1.03,   2.178,   2.165,    -9999999,   -9999999,   -9999999,   -9999999,   -9999999,  1.804,    -9999999,   -9999999,   -9999999,   -8888888,  0.009,   0.068,   0.014,    -8888888,   -8888888,   -8888888,   -8888888,   -8888888,   -9999999,  0.03613,   4.38207,   0.18692,   0.16803,   0.49044,   2.74117,   0.05092,   -0.02432,   0.04205,   0.04811,   0.0264,   0.0084,   0.02224,   0.00163,   -0.0017,      -9999999  
56335,   201,             20539,                2,  8.648054759,   40.08866386,   254.9708214,   4.620585177,   568.1563,   274.7501039,   322.9162631,   306.1430054,   46.75982078,    -9999999,   -9999999,  201,   4.9122,    -9999999,  129.6269,   119.2063,   92.21028337,   0.3592563,   -8.168856,   97.28009,   92.5511,   -3.1344,   -0.5233254,   32.91132,   274.3749939,   322.7926,   264.9456479,   281.4499939,   281.8367609,    -9999999,   -9999999,  48.24859,   35.09408,   97.77291,   334.09799,   3.641885,   3.307415,   6.879707,   6.987636,   48.07937,            104003,                0,                0,  78.205834,   -0.0565,   0.0024177,   0.0085766,   52.766,   1.950091883,   6086.372,   125.963,   1843.214,    -9999999,  846.1,   398.6896,   0.907,   0.914,    -9999999,   -9999999,   -9999999,   -9999999,   -9999999,   -9999999,   -9999999,   -9999999,  872.502,   931.724,   403.265,    -9999999,   -9999999,   -9999999,  624.86,   0.74,   677.339,   2.93,    -9999999,   -9999999,  1.626,   0.671,   0.117,   0.189,   0,   0,   24.605,   37.592,   24.279,   14.102,   38.341,   24.753,   7.988,   -0.216,   -0.045,   -0.129,   26.402,   26.078,    -9999999,   -9999999,  2.208,   2.198,    -9999999,   -9999999,   -9999999,   -9999999,   -9999999,  1.799,    -9999999,   -9999999,   -9999999,   -8888888,  0.009,   0.068,   0.014,    -8888888,   -8888888,   -8888888,   -8888888,   -8888888,   -9999999,  -0.22597,   4.22722,   0.2092,   0.06979,   0.47469,   2.9071,   0.24481,   -0.00249,   0.03087,   0.06703,   0.05374,   0.00493,   -0.00234,   0.0012,   0.0054,      -9999999  
56345,   201,             20540,                2,  8.651793941,   40.08506623,   254.9852424,   4.499305256,   577.3398,   275.9739369,   322.8720873,   306.1430054,   46.71687814,    -9999999,   -9999999,  201,   4.7831,    -9999999,  132.6879,   122.5631,   94.76643284,   0.3698248,   -14.08758,   124.942,   117.9443,   -5.310791,   -3.085854,   31.04922,   275.3749939,   322.748,   265.4205029,   282.2999939,   283.3953529,    -9999999,   -9999999,  48.20557,   25.57339,   97.81107,   315.39816,   3.719175,   3.431456,   7.510489,   7.720898,   45.75497,            104003,                0,                0,  26.33294,   0.0619,   0.0025626,   0.0083828,   57.7974,   1.949003543,   6079.95,   125.095,   1852.907,    -9999999,  744.7,   398.6595,   0.914,   0.924,    -9999999,   -9999999,   -9999999,   -9999999,   -9999999,   -9999999,   -9999999,   -9999999,  917.128,   939.094,   409.785,    -9999999,   -9999999,   -9999999,  624.86,   0.74,   680.281,   2.841,    -9999999,   -9999999,  2.555,   1.008,   0.079,   0.255,   0,   0,   25.698,   39.876,   25.468,   14.797,   36.821,   24.999,   8.466,   0.032,   0.032,   0.207,   27.675,   27.458,   0,   1,   2.222,   2.22,    -9999999,   -9999999,   -9999999,   -9999999,   -9999999,  1.779,    -9999999,   -9999999,   -9999999,   -8888888,  0.009,   0.068,   0.014,    -8888888,   -8888888,   -8888888,   -8888888,   -8888888,   -9999999,  0.34486,   4.72499,   0.20522,   0.17823,   0.41586,   2.89716,   0.15613,   0.05482,   0.06213,   0.0612,   0.05313,   0.0111,   -0.0029,   -0.0063,   -0.01083,      -9999999  
56355,   201,             20541,                2,  8.65531594,   40.07687416,   254.9964058,   4.387900854,   585.8719,   277.0811279,   322.8115347,   306.1430054,   46.67566956,    -9999999,   -9999999,  201,   4.6668,    -9999999,  134.0192,   125.4183,   97.62805679,   0.3763249,   -7.56914,   152.7677,   143.9462,   -7.299316,   -0.1316646,   28.67976,   276.7499939,   322.6863,   265.5010689,   284.1999939,   284.8753439,    -9999999,   -9999999,  48.16443,   17.49086,   97.84278,   296.64486,   3.687795,   3.453207,   8.117469,   8.43392,   42.54204,            104003,                0,                0,  47.36746,   0.0344,   0.0028998,   0.008072,   59.3542,   1.949344477,   6106.368,   125.827,   1844.052,    -9999999,  696.7,   398.6964,   0.956,   0.96,    -9999999,   -9999999,   -9999999,   -9999999,   -9999999,   -9999999,   -9999999,   -9999999,  884.279,   939.537,   409.889,    -9999999,   -9999999,   -9999999,   -9999999,   -9999999,  635.071,   2.743,    -9999999,   -9999999,  2.195,   1.034,   0.137,   0.694,   0,   0,   25.564,   39.505,   25.355,   14.922,   38.133,   24.044,   8.766,   -0.522,   -0.423,   -0.365,   27.057,   26.859,   0.01285714286,   1.02,   2.237,   2.242,    -9999999,   -9999999,   -9999999,   -9999999,   -9999999,  1.76,    -9999999,   -9999999,   -9999999,   -8888888,  0.009,   0.068,   0.014,    -8888888,   -8888888,   -8888888,   -8888888,   -8888888,  2.59,   0.25917,   4.49411,   0.23252,   0.0345,   0.53274,   2.86678,   0.19623,   -0.00789,   0.06784,   0.04761,   0.04396,   -0.00357,   -0.00383,   -0.0033,   -0.00072,      -9999999  
56365,   201,             20542,                2,  8.658446961,   40.06594124,   255.0017044,   4.334774214,   589.9784,   277.3281599,   322.4551887,   306.4289856,   46.63845151,    -9999999,   -9999999,  201,   4.612,    -9999999,  129.9679,   125.1223,   97.91727495,   0.3750624,   -4.659884,   180.4478,   170.064,   -8.753361,   -0.053215088,   31.62214,   277.1499939,   322.3297,   266.2151809,   284.8499939,   285.0975239,    -9999999,   -9999999,  48.12737,   10.859664,   97.86773,   275.74821,   3.873851,   3.651911,   8.259943,   8.602727,   44.25341,            104003,                0,                0,  69.00103,   -0.0023,   0.003501,   0.0076566,   59.2675,   1.949520447,   6594.827,   131.231,   1850.3,    -9999999,  812,   398.7066,   0.998,   1.002,    -9999999,   -9999999,   -9999999,   -9999999,   -9999999,   -9999999,   -9999999,   -9999999,  900.951,   969.597,   425.886,    -9999999,   -9999999,   -9999999,  705.62,   0.89,   639.452,   2.899,    -9999999,   -9999999,  2.175,   1.073,   0.108,   0.855,   0,   0,   27.755,   42.348,   27.654,   15.73,   40.909,   27.394,   9.76,   -0.523,   -0.475,   -0.326,   29.243,   29.141,   0.01777777778,   1.022222222,   2.221,   2.221,    -9999999,   -9999999,   -9999999,   -9999999,   -9999999,  1.748,    -9999999,   -9999999,   -9999999,   -8888888,  0.009,   0.068,   0.014,    -8888888,   -8888888,   -8888888,   -8888888,   -8888888,  2.55,   0.30949,   4.8056,   0.192,   0.1189,   0.56865,   3.09341,   0.2397,   0.0272,   0.09599,   0.06878,   0.07179,   0.00527,   -0.00235,   4.000000001E-005,   0.00336,      -9999999  
56375,   201,             20543,                2,  8.661107296,   40.05483742,   254.9999428,   4.282440053,   594.0475,   277.4720419,   321.9895337,   306.1430054,   46.60653366,    -9999999,   -9999999,  201,   4.5572,    -9999999,  124.5853,   124.1741,   97.36435484,   0.372075,   -5.142104,   208.6133,   198.2691,   -8.787967,   0.027054,   31.2901,   277.1749939,   321.8634,   267.8081969,   284.9249939,   285.1265639,    -9999999,   -9999999,  48.09561,   12.401367,   97.88732,   254.56049,   4.345738,   4.121663,   8.34476,   8.703589,   49.41501,            104003,                0,                0,  91.4877,   -0.0382,   0.0028243,   0.0078197,   58.6028,   1.949896781,   7066.108,   137.11,   1844.468,    -9999999,  1029.444444,   398.6622,   1.148,   1.153,    -9999999,   -9999999,   -9999999,   -9999999,   -9999999,   -9999999,   -9999999,   -9999999,  951.475,   988.685,   473.48,    -9999999,   -9999999,   -9999999,  705.62,   0.89,   675.87,   3.255,    -9999999,   -9999999,  2.265,   1.211,   0.199,   0.917,   0,   0,   31.366,   45.846,   31.345,   17.348,   44.831,   28.517,   11.522,   -0.941,   -0.653,   -0.39,   32.824,   32.793,    -9999999,   -9999999,  2.151,   2.147,    -9999999,   -9999999,   -9999999,   -9999999,   -9999999,  1.738,    -9999999,   -9999999,   -9999999,   -8888888,  0.009,   0.068,   0.014,    -8888888,   -8888888,   -8888888,   -8888888,   -8888888,  2.49,   0.78524,   5.76353,   0.25453,   0.09781,   0.64354,   3.13961,   0.34054,   0.0518,   0.1337,   0.04939,   0.07159,   -0.00169,   0.01493,   -0.00734,   0.00999,      -9999999  
56385,   201,             20544,                2,  8.663359054,   40.04588279,   254.9920525,   4.218401572,   599.0578,   278.0196849,   321.8517785,   306.1430054,   46.57958301,    -9999999,   -9999999,  201,   4.4869,    -9999999,  120.9971,   124.3411,   97.3450119,   0.3729313,   -7.176324,   232.7894,   224.1871,   -7.347105,   -0.7292516,   26.19098,   277.7249939,   321.7257,   267.9717709,   285.2499939,   285.7195839,    -9999999,   -9999999,  48.06877,   21.22759,   97.9043,   235.4646,   4.363479,   4.173201,   8.669199,   9.089787,   48.14378,            104003,                0,                0,  116.0816,   -0.0034,   0.0024728,   0.0081866,   59.929,   1.949586717,   7002.945,   138.2675,   1847.076667,    -9999999,  1127.2,   398.6856,   1.209,   1.217,    -9999999,   -9999999,   -9999999,   -9999999,   -9999999,   -9999999,   -9999999,   -9999999,  1000.609,   1022.286,   484.396,    -9999999,   -9999999,   -9999999,  705.62,   0.89,   702.447,   3.2,    -9999999,   -9999999,  2.689,   1.596,   0.266,   2.058,   0,   0,   32.105,   46.701,   32.105,   19.02,   45.869,   29.576,   10.893,   -0.042,   -0.02,   -0.158,   34.238,   34.222,    -9999999,   -9999999,  2.165,   2.159,    -9999999,   -9999999,   -9999999,   -9999999,   -9999999,  1.724,    -9999999,   -9999999,   -9999999,   -8888888,  0.009,   0.068,   0.014,    -8888888,   -8888888,   -8888888,   -8888888,   -8888888,  2.475,   1.12929,   5.36866,   0.266,   0.12871,   0.59133,   3.1654,   0.33442,   0.04214,   0.16118,   0.08021,   0.0199,   0.0079,   0.0075,   0.00217,   0.00755,      -9999999  
