lessons/tabular_data/data/discoveraq-mrg10-p3b_merge_20140720_R2.ict
183, 1001
Shook, Michael
NASA Atmospheric Composition Branch, NASA Langley Research Center (SSAI)
Merged data file for DISCOVERAQ-Colorado 2014, Flight Day 02 (20140720), on the p3 platform. Data is merged to 10 seconds.
NASA DISCOVER-AQ Colorado Mission 2014
1, 1
2014, 07, 20, 2017, 10, 13
10
UTC,s
137
1, 1, 1, 1, 1, 1, 1, 1, 1, 1, 1, 1, 1, 1, 1, 1, 1, 1, 1, 1, 1, 1, 1, 1, 1, 1, 1, 1, 1, 1, 1, 1, 1, 1, 1, 1, 1, 1, 1, 1, 1, 1, 1, 1, 1, 1, 1, 1, 1, 1, 1, 1, 1, 1, 1, 1, 1, 1, 1, 1, 1, 1, 1, 1, 1, 1, 1, 1, 1, 1, 1, 1, 1, 1, 1, 1, 1, 1, 1, 1, 1, 1, 1, 1, 1, 1, 1, 1, 1, 1, 1, 1, 1, 1, 1, 1, 1, 1, 1, 1, 1, 1, 1, 1, 1, 1, 1, 1, 1, 1, 1, 1, 1, 1, 1, 1, 1, 1, 1, 1, 1, 1, 1, 1, 1, 1, 1, 1, 1, 1, 1, 1, 1, 1, 1, 1, 1
-9999999, -9999999, -9999999, -9999999, -9999999, -9999999, -9999999, -9999999, -9999999, -9999999, -9999999, -9999999, -9999999, -9999999, -9999999, -9999999, -9999999, -9999999, -9999999, -9999999, -9999999, -9999999, -9999999, -9999999, -9999999, -9999999, -9999999, -9999999, -9999999, -9999999, -9999999, -9999999, -9999999, -9999999, -9999999, -9999999, -9999999, -9999999, -9999999, -9999999, -9999999, -9999999, -9999999, -9999999, -9999999, -9999999, -9999999, -9999999, -9999999, -9999999, -9999999, -9999999, -9999999, -9999999, -9999999, -9999999, -9999999, -9999999, -9999999, -9999999, -9999999, -9999999, -9999999, -9999999, -9999999, -9999999, -9999999, -9999999, -9999999, -9999999, -9999999, -9999999, -9999999, -9999999, -9999999, -9999999, -9999999, -9999999, -9999999, -9999999, -9999999, -9999999, -9999999, -9999999, -9999999, -9999999, -9999999, -9999999, -9999999, -9999999, -9999999, -9999999, -9999999, -9999999, -9999999, -9999999, -9999999, -9999999, -9999999, -9999999, -9999999, -9999999, -9999999, -9999999, -9999999, -9999999, -9999999, -9999999, -9999999, -9999999, -9999999, -9999999, -9999999, -9999999, -9999999, -9999999, -9999999, -9999999, -9999999, -9999999, -9999999, -9999999, -9999999, -9999999, -9999999, -9999999, -9999999, -9999999, -9999999, -9999999, -9999999, -9999999, -9999999, -9999999, -9999999, -9999999, -9999999
JDAY, days
INDEX, none
FLIGHT, none
LOCAL_SUN_TIME, hour
LATITUDE, degs
LONGITUDE, degs
ALTP, km
PRESSURE, hPa
TEMPERATURE, K
THETA, K
O3COLUMN, DU
SZA, deg
WNS, m s-1
WND, Degs
DayOfYear, day
GPS_ALT, km
Radar_Altitude, km
GRD_SPD, m s-1
TAS, m s-1
IAS, m/s
MachNumber, mach
VerticalSpeed, m s-1
HDG, degs
TRK, degs
DriftAngle, degs
PITCH, degs
ROLL, degs
StaticTemp_Aircraft, K
Theta_REVEAL, K
Dewpoint, K
TotalTemp_Aircraft, K
TotalTemp, K
IR_SurfTemp, K
CabinPressure, hPa
SolarZenithAngle, degs
AircraftSunElevation, degs
SunAzimuth, degs
AircraftSunAzimuth, degs
MixingRatio, g kg-1
VaporPresWater, hPa
SatVaporPresWater, hPa
SatVaporPresIce, hPa
RelativeHumidity, %
ProfileNumber, none
SiteSeqNumber, none
MissedApproachNumber, none
ProfileCenterBearing, degs
IRS_VERT_ACC, G
A_JNO2_Nadir, sec-1
A_JNO2_Zenith, sec-1
C_DiffPressure, hPa
C_CabAltitude, km
H2O_DLH, ppmv
CO_DACOM, ppbv
CH4_DACOM, ppbv
N2O_DACOM, ppbv
CH2O_DFGAS, pptv
CO2_LICOR, ppmv
Ethane_TILDAS, ppbv
Ethane-dry_TILDAS, ppbv
NO_MixingRatio, pptv
NOy_MixingRatio, pptv
NO2_MixingRatio, pptv
O3_MixingRatio, ppbv
NO2_LIF, pptv
PNs_LIF, pptv
ANs_LIF, pptv
HNO3_LIF, pptv
CNgt3nm, cm-3
CNgt10nm, cm-3
CNgt10nm_nonvol, cm-3
LiquidWaterContent_CAS_LARGE, g m-3
[...]
[from data line 1400]
64955,   201,             21401,                2,  11.04325634,   40.03796769,   254.9821785,   3.003072517,   700.8099,   290.8462839,   321.9420771,   306.1430054,   22.88262836,    -9999999,   -9999999,  201,   3.1837,    -9999999,  108.6569,   115.0169,   95.35490076,   0.3361687,   -5.390832,   250.2256,   243.8234,   -4.914184,   -0.20149612,   31.3782,   290.5499939,   321.8088,   270.9026799,   296.9999939,   297.3765739,   315.5796939,    -9999999,  23.89622,   35.8617,   139.785,   260.19837,   4.649604,   5.199868,   20.30408,   24.10384,   25.6126,            104004,                0,                0,  148.7458,   -0.0109,   0.0021909,   0.0088186,   56.3172,   1.9509576,   7307.108,   137.773,   1851.303,    -9999999,  1319,   396.9424,   1.117,   1.126,    -9999999,   -9999999,   -9999999,   -9999999,  63.3,   328.9,   70,   452.5,   1039.934,   1123.924,   554.355,    -9999999,   -9999999,   -9999999,  687.36,   0.78,   736.386,   3.58,    -9999999,   -9999999,  2.407,   1.261,   0.148,   0.444,   0,   6.56,   36.581,   54.554,   36.581,   21.008,   50.354,   33.79,   13.562,   1.096,   0.793,   0.788,   40.044,   40.044,    -9999999,   -9999999,  2.17,   2.17,    -9999999,  0.9814,    -9999999,   -9999999,   -9999999,  1.543,    -9999999,   -9999999,   -9999999,   -8888888,   -8888888,  0.043,   0.091,   0.009,    -8888888,  0.01,    -8888888,  0.025,   3.32,   1.8064,   5.65885,   0.284,   0.07425,   0.5195,   3.5502,   0.79805,   0.1995,   0.19335,   0.04155,   0.0606,   0.0181,   -0.0008,   -0.00195,   0.01515,      -9999999  
64965,   201,             21402,                2,  11.04521228,   40.03664627,   254.9698509,   2.947537956,   705.7737,   291.2256639,   321.7126091,   306.1430054,   22.86818332,    -9999999,   -9999999,  201,   3.1218,    -9999999,  108.4961,   114.2871,   95.63773987,   0.3331499,   -5.36556,   277.685,   273.4711,   -3.209655,   -0.13945774,   22.78004,   291.0749939,   321.5791,   271.0271919,   297.3999939,   297.8003839,   317.2886639,    -9999999,  23.88074,   47.40531,   139.8406,   243.1283,   4.659784,   5.248079,   20.79457,   24.77606,   25.2395,            104004,                0,                0,  173.7197,   0.0047,   0.0018602,   0.0090701,   55.3891,   1.950019356,   7302.145,   139.289,   1854.426,    -9999999,  1368.75,   397.0848,   1.085,   1.095,    -9999999,   -9999999,   -9999999,   -9999999,  141.6,   322.8,   113.9,   475.3,   1256.082,   2098.396,   565.879,    -9999999,   -9999999,   -9999999,  687.36,   0.78,   735.315,   3.522,    -9999999,   -9999999,  2.746,   1.483,   0.159,   0.346,   0,   0,   35.884,   54.973,   35.884,   22.01,   52.113,   34.039,   15.175,   1.281,   0.982,   0.362,   39.458,   39.458,    -9999999,   -9999999,  2.208,   2.208,    -9999999,  0.9755,   0.9723333333,    -9999999,  0.9723333333,   1.535,   1132.5,   471.25,   0.155,    -8888888,   -8888888,  0.043,   0.091,   0.009,    -8888888,  0.01,    -8888888,  0.025,   3.175,   1.28505,   5.7733,   0.2371,   0.11115,   0.68855,   3.47585,   0.92455,   0.1741,   0.15385,   0.069,   0.1216,   0.02685,   0.008,   0.00345,   0.00215,      -9999999  
64975,   201,             21403,                2,  11.04716059,   40.03875884,   254.9574089,   2.896057236,   710.4006,   291.4617639,   321.3728719,   306.1430054,   22.85656929,    -9999999,   -9999999,  201,   3.0656,    -9999999,  109.5766,   111.2486,   92.16192601,   0.3271311,   -5.479478,   287.9743,   286.7079,   -1.020629,   -0.2393988,   6.678176,   291.1499939,   321.2388,   271.2102979,   297.4499939,   297.7098039,   316.9791139,    -9999999,  23.86796,   61.92821,   139.9014,   222.9583,   4.692826,   5.319692,   21.11172,   25.21387,   25.21338,            104004,                0,                0,  200.9297,   0.0262,   0.0017382,   0.0091545,   54.2128,   1.948352137,   7346.732,   143.36625,   1869.09,    -9999999,   -9999999,  397.2834,   1.798,   1.812,    -9999999,   -9999999,   -9999999,   -9999999,  261.1,   309.5,   195.8888889,   476,   2479.18,   1643.754,   758.785,    -9999999,   -9999999,   -9999999,  687.36,   0.78,   747.887,   3.574,    -9999999,   -9999999,  2.725,   1.532,   0.236,   1.213,   0,   0,   36.298,   55.697,   36.298,   18.995,   50.438,   33.384,   14.346,   1.64,   1.164,   1.108,   40.125,   40.125,    -9999999,   -9999999,  2.228,   2.228,    -9999999,  0.9719,   0.9695,    -9999999,  0.9695,   1.527,   1024,   426.1,   0.249,    -8888888,   -8888888,  0.043,   0.091,   0.009,    -8888888,  0.01,    -8888888,  0.025,   3.015,   1.42325,   5.75175,   0.29065,   0.22085,   0.6427,   3.5119,   0.81355,   0.1407,   0.1227,   0.07525,   0.0427,   0.02705,   0.0091,   0.0024,   0.01325,      -9999999  
64985,   201,             21404,                2,  11.04913601,   40.04233399,   254.9453735,   2.856494195,   713.9719,   292.2973939,   321.8328266,   306.1430054,   22.8459696,    -9999999,   -9999999,  201,   3.0239,    -9999999,  110.2325,   114.2227,   94.58622451,   0.3321002,   -1.71539,   294.8148,   294.2314,   -0.13897664,   1.5970012,   8.071834,   292.0999939,   321.6988,   271.2029739,   298.2249939,   298.8138039,   315.7378939,    -9999999,  23.85612,   63.03733,   139.9648,   221.4374,   4.666667,   5.316807,   22.23817,   26.77018,   23.91056,            104004,                0,                0,  226.9808,   -0.0199,   0.0018197,   0.0090374,   55.7473,   1.947852831,   7309.626,    -9999999,   -9999999,   -9999999,  1369,   396.9877,   1.168,   1.178,    -9999999,   -9999999,   -9999999,   -9999999,  100.7,   316.2,   65.5,   492.6,   1135.685,   1251.725,   601.821,    -9999999,   -9999999,   -9999999,  687.36,   0.78,   709.665,   3.396,    -9999999,   -9999999,  2.898,   1.642,   0.214,   0.767,   0,   0,   35.533,   54.03,   35.533,   20.985,   50.718,   34.458,   15.301,   1.756,   1.412,   1.029,   39.661,   39.661,    -9999999,   -9999999,  2.31,   2.31,    -9999999,  0.9718,   0.9685,    -9999999,  0.9685,   1.522,   1061.3,   440.3,   0.388,    -8888888,   -8888888,  0.043,   0.091,   0.009,    -8888888,  0.01,    -8888888,  0.025,   2.905,   1.13405,   5.684,   0.20705,   0.13365,   0.4992,   3.5367,   0.91335,   0.21465,   0.1872,   0.0696,   0.0942,   0.02865,   0.0201,   0.0184,   0.01315,      -9999999  
64995,   201,             21405,                2,  11.05121468,   40.04779282,   254.9348869,   2.831073875,   716.2759,   292.4498339,   321.7043981,   306.1430054,   22.83620941,    -9999999,   -9999999,  201,   2.9976,    -9999999,  109.6601,   113.02,   94.43189251,   0.3305063,   -4.349942,   317.8459,   314.3304,   -1.8583383,   -0.2265914,   31.33534,   292.2499939,   321.5702,   271.2102959,   298.6499939,   298.8291939,   315.4371139,    -9999999,  23.84497,   50.58682,   140.0341,   230.8178,   4.654166,   5.319735,   22.45075,   27.0657,   23.6985,            104004,                0,                0,  248.2313,   -0.0188,   0.0019213,   0.0088264,   55.1982,   1.947423134,   7290.717,   139.1457143,   1841.976667,    -9999999,  1347.777778,   397.8034,   1.172,   1.182,    -9999999,   -9999999,   -9999999,   -9999999,  97.4,   344.9,   65.7,   489.5,   1193.111,   1325.643,   586.102,    -9999999,   -9999999,   -9999999,   -9999999,   -9999999,  702.062,   3.479,    -9999999,   -9999999,  2.753,   1.35,   0.179,   1.149,   0,   0,   35.274,   57.58,   35.274,   20.165,   49.189,   33.82,   16.926,   1.361,   1.042,   0.726,   39.013,   39.013,    -9999999,   -9999999,  2.272,   2.272,    -9999999,  0.9715,   0.9679,    -9999999,  0.9679,   1.518,   1054.8,   438.5,   0.513,    -8888888,   -8888888,  0.043,   0.091,   0.009,    -8888888,  0.01,    -8888888,  0.025,   2.89,   2.10215,   6.00895,   0.22655,   0.11075,   0.59565,   3.5491,   0.75455,   0.1518,   0.16485,   0.04655,   0.09315,   0.0065,   0.0036,   0.0034,   0.00775,      -9999999  
65005,   201,             21406,                2,  11.05362808,   40.05658378,   254.9294212,   2.775143074,   721.3651,   292.7162939,   321.3468198,   306.1430054,   22.82689336,    -9999999,   -9999999,  201,   2.9365,    -9999999,  112.496,   112.1069,   94.97220884,   0.326675,   -6.288946,   351.713449,   347.882116,   -2.178041,   -0.65279452,   32.58868,   292.5749939,   321.2124,   271.2066339,   298.6499939,   299.0821239,   314.0484439,    -9999999,  23.83396,   61.65386,   140.1183,   222.5359,   4.619909,   5.318385,   22.82621,   27.58877,   23.30238,            104004,                0,                0,  268.3157,   -0.0068,   0.0017519,   0.0088743,   54.9139,   1.945086656,   7211.864,   138.624,   1841.556,    -9999999,  1458.5,   397.0089,   1.265,   1.272,    -9999999,   -9999999,   -9999999,   -9999999,  177.8,   307.9,   161.5,   511.1,   1517.302,   1773.565,   608.861,    -9999999,   -9999999,   -9999999,  1068.62,   0.79,   745.435,   3.851,    -9999999,   -9999999,  2.861,   1.497,   0.17,   0.354,   0,   0,   37.182,   56.613,   37.182,   20.717,   51.359,   33.821,   14.964,   1.6,   1.264,   0.755,   41.363,   41.363,    -9999999,   -9999999,  2.281,   2.281,    -9999999,  0.9698,   0.9657,    -9999999,  0.9657,   1.51,   1398,   581.5,   0.56,    -8888888,   -8888888,  0.043,   0.091,   0.009,    -8888888,  0.01,    -8888888,  0.025,   2.97,   -0.01775,   5.9268,   0.20915,   0.0981,   0.78895,   3.4285,   0.83345,   0.124,   0.12565,   0.08745,   0.0934,   -5E-005,   0.01045,   0.0007,   0.02705,      -9999999  
65015,   201,             21407,                2,  11.05650387,   40.0665287,   254.9308914,   2.712780994,   727.0726,   293.1312039,   321.0785253,   306.1430054,   22.81542262,    -9999999,   -9999999,  201,   2.8683,    -9999999,  114.3223,   112.3836,   93.77289487,   0.3273438,   -6.03304,   23.92162,   18.783334,   -3.755676,   -0.77041538,   29.09128,   292.8499939,   320.9436,   271.3360304,   298.8999939,   299.3350539,   310.9380839,    -9999999,  23.82048,   76.42804,   140.218,   215.2998,   4.629854,   5.372188,   23.4212,   28.42043,   22.93424,            104004,                0,                0,  288.4336,   0.013,   0.0016085,   0.0088747,   55.7909,   1.941294803,   7312.705,   143.345,   1851.624,    -9999999,  1853.6,   397.1531,   2.13,   2.145,    -9999999,   -9999999,   -9999999,   -9999999,  309,   417.1,   110.8,   571.2,   2744.6,   2492.058,   693.503,    -9999999,   -9999999,   -9999999,  1068.62,   0.79,   769.115,   3.443,    -9999999,   -9999999,  2.404,   1.297,   0.103,   0.148,   0,   0,   35.085,   55.125,   35.085,   20.416,   51.307,   34.301,   13.652,   1.977,   1.571,   1.364,   39.282,   39.282,    -9999999,   -9999999,  2.218,   2.218,    -9999999,  0.9624,   0.9587,   0.9504444444,   0.9587,   1.499,    -9999999,   -9999999,   -9999999,   -8888888,   -8888888,  0.043,   0.091,   0.009,    -8888888,  0.01,    -8888888,  0.025,   3.04,   -0.5282,   5.78955,   0.2901,   0.16165,   0.8355,   3.4054,   0.72755,   0.02925,   0.10445,   0.1621,   0.10475,   0.0175,   0.0139,   -0.00265,   0.03435,      -9999999  
65025,   201,             21408,                2,  11.05976973,   40.07504464,   254.9382126,   2.657368353,   732.1744,   293.6904539,   321.0490522,   306.1430054,   22.80022514,    -9999999,   -9999999,  201,   2.8078,    -9999999,  115.0425,   111.9139,   95.2486689,   0.3277248,   -5.103908,   46.51665,   42.20617,   -3.567259,   -0.2549868,   18.95532,   293.3749939,   320.9136,   271.6973571,   299.3499939,   299.9400439,   312.0005639,    -9999999,  23.80307,   84.33753,   140.3272,   115.21885,   4.724505,   5.519415,   24.24639,   29.58025,   22.76092,            104004,                0,                0,  308.9906,   0.0118,   0.0015059,   0.0089107,   55.4027,   1.939560388,   7409.68,   144.375,   1857.218,    -9999999,  1835.2,   397.1403,   2.164,   2.18,    -9999999,   -9999999,   -9999999,   -9999999,  489.4,   429.4,   188.5,   595.8,   2605.6,   4085.094,   719.161,    -9999999,   -9999999,   -9999999,  1068.62,   0.79,   774.843,   3.432,    -9999999,   -9999999,  2.678,   1.292,   0.146,   0.856,   0,   0,   37.144,   57.043,   37.144,   22.348,   52.211,   33.947,   16.379,   2.686,   2.042,   1.368,   42.014,   42.014,    -9999999,   -9999999,  2.214,   2.214,    -9999999,  0.9555,   0.9509,   0.9404,   0.9509,   1.491,    -9999999,   -9999999,   -9999999,   -8888888,   -8888888,  0.043,   0.091,   0.009,    -8888888,  0.01,    -8888888,  0.025,   3.095,   -0.2806,   6.13295,   0.22245,   0.16375,   0.9739,   3.6682,   0.8249,   0.00975,   0.14155,   0.15045,   0.10115,   0.0506,   0.0312,   0.00365,   0.0188,      -9999999  
65035,   201,             21409,                2,  11.06325638,   40.08128204,   254.9488457,   2.615641232,   736.0354,   293.8099339,   320.6973855,   306.1430054,   22.78176997,    -9999999,   -9999999,  201,   2.7617,    -9999999,  114.7789,   113.3288,   96.10407973,   0.3305125,   -3.44243,   64.5683,   60.00182,   -3.582092,   0.4710044,   19.55862,   293.4499939,   320.5616,   272.7935486,   299.7999939,   300.1656139,   309.8560539,    -9999999,  23.78236,   82.59651,   140.44,   30.142736,   5.091765,   5.976395,   24.42469,   29.83135,   24.47002,            104004,                0,                0,  330.1737,   -0.0141,   0.0015605,   0.0088129,   57.1064,   1.938324695,   7948.511,   151.608,   1873.484,    -9999999,  2538.6,   397.7085,   4.697,   4.735,    -9999999,   -9999999,   -9999999,   -9999999,  601,   505.6,   187.6,   752.3,   5088.888,   3793.446,   904.006,    -9999999,   -9999999,   -9999999,  1068.62,   0.79,   794.244,   3.642,    -9999999,   -9999999,  3.069,   1.668,   0.14,   0.517,   0,   17.507,   38.411,   60.137,   38.411,   22.389,   55.027,   34.79,   14.244,   2.975,   2.303,   1.683,   43.69,   43.69,    -9999999,   -9999999,  2.178,   2.178,    -9999999,  0.9499,   0.9437,   0.9351,   0.9437,   1.482,   1418,   592,   0.45,    -8888888,   -8888888,  0.043,   0.091,   0.009,    -8888888,  0.01,    -8888888,  0.025,   3.155,   -0.2024,   6.3173,   0.23505,   0.14165,   1.1188,   3.64915,   0.73755,   0.04035,   0.1323,   0.22935,   0.12475,   0.09825,   0.0429,   0.02285,   -0.0012,      -9999999  
