lessons/tabular_data/data/discoveraq-mrg10-p3b_merge_20140720_R2.ict
183, 1001
Shook, Michael
NASA Atmospheric Composition Branch, NASA Langley Research Center (SSAI)
Merged data file for DISCOVERAQ-Colorado 2014, Flight Day 02 (20140720), on the p3 platform. Data is merged to 10 seconds.
NASA DISCOVER-AQ Colorado Mission 2014
1, 1
2014, 07, 20, 2017, 10, 13
10
UTC,s
137
1, 1, 1, 1, 1, 1, 1, 1, 1, 1, 1, 1, 1, 1, 1, 1, 1, 1, 1, 1, 1, 1, 1, 1, 1, 1, 1, 1, 1, 1, 1, 1, 1, 1, 1, 1, 1, 1, 1, 1, 1, 1, 1, 1, 1, 1, 1, 1, 1, 1, 1, 1, 1, 1, 1, 1, 1, 1, 1, 1, 1, 1, 1, 1, 1, 1, 1, 1, 1, 1, 1, 1, 1, 1, 1, 1, 1, 1, 1, 1, 1, 1, 1, 1, 1, 1, 1, 1, 1, 1, 1, 1, 1, 1, 1, 1, 1, 1, 1, 1, 1, 1, 1, 1, 1, 1, 1, 1, 1, 1, 1, 1, 1, 1, 1, 1, 1, 1, 1, 1, 1, 1, 1, 1, 1, 1, 1, 1, 1, 1, 1, 1, 1, 1, 1, 1, 1
-9999999, -9999999, -9999999, -9999999, -9999999, -9999999, -9999999, -9999999, -9999999, -9999999, -9999999, -9999999, -9999999, -9999999, -9999999, -9999999, -9999999, -9999999, -9999999, -9999999, -9999999, -9999999, -9999999, -9999999, -9999999, -9999999, -9999999, -9999999, -9999999, -9999999, -9999999, -9999999, -9999999, -9999999, -9999999, -9999999, -9999999, -9999999, -9999999, -9999999, -9999999, -9999999, -9999999, -9999999, -9999999, -9999999, -9999999, -9999999, -9999999, -9999999, -9999999, -9999999, -9999999, -9999999, -9999999, -9999999, -9999999, -9999999, -9999999, -9999999, -9999999, -9999999, -9999999, -9999999, -9999999, -9999999, -9999999, -9999999, -9999999, -9999999, -9999999, -9999999, -9999999, -9999999, -9999999, -9999999, -9999999, -9999999, -9999999, -9999999, -9999999, -9999999, -9999999, -9999999, -9999999, -9999999, -9999999, -9999999, -9999999, -9999999, -9999999, -9999999, -9999999, -9999999, -9999999, -9999999, -9999999, -9999999, -9999999, -9999999, -9999999, -9999999, -9999999, -9999999, -9999999, -9999999, -9999999, -9999999, -9999999, -9999999, -9999999, -9999999, -9999999, -9999999, -9999999, -9999999, -9999999, -9999999, -9999999, -9999999, -9999999, -9999999, -9999999, -9999999, -9999999, -9999999, -9999999, -9999999, -9999999, -9999999, -9999999, -9999999, -9999999, -9999999, -9999999, -9999999, -9999999
JDAY, days
INDEX, none
FLIGHT, none
LOCAL_SUN_TIME, hour
LATITUDE, degs
LONGITUDE, degs
ALTP, km
PRESSURE, hPa
TEMPERATURE, K
THETA, K
O3COLUMN, DU
SZA, deg
WNS, m s-1
WND, Degs
DayOfYear, day
GPS_ALT, km
Radar_Altitude, km
GRD_SPD, m s-1
TAS, m s-1
IAS, m/s
MachNumber, mach
VerticalSpeed, m s-1
HDG, degs
TRK, degs
DriftAngle, degs
PITCH, degs
ROLL, degs
StaticTemp_Aircraft, K
Theta_REVEAL, K
Dewpoint, K
TotalTemp_Aircraft, K
TotalTemp, K
IR_SurfTemp, K
CabinPressure, hPa
SolarZenithAngle, degs
AircraftSunElevation, degs
SunAzimuth, degs
AircraftSunAzimuth, degs
MixingRatio, g kg-1
VaporPresWater, hPa
SatVaporPresWater, hPa
SatVaporPresIce, hPa
RelativeHumidity, %
ProfileNumber, none
SiteSeqNumber, none
MissedApproachNumber, none
ProfileCenterBearing, degs
IRS_VERT_ACC, G
A_JNO2_Nadir, sec-1
A_JNO2_Zenith, sec-1
C_DiffPressure, hPa
C_CabAltitude, km
H2O_DLH, ppmv
CO_DACOM, ppbv
CH4_DACOM, ppbv
N2O_DACOM, ppbv
CH2O_DFGAS, pptv
CO2_LICOR, ppmv
Ethane_TILDAS, ppbv
Ethane-dry_TILDAS, ppbv
NO_MixingRatio, pptv
NOy_MixingRatio, pptv
NO2_MixingRatio, pptv
O3_MixingRatio, ppbv
NO2_LIF, pptv
PNs_LIF, pptv
ANs_LIF, pptv
HNO3_LIF, pptv
CNgt3nm, cm-3
CNgt10nm, cm-3
CNgt10nm_nonvol, cm-3
LiquidWaterContent_CAS_LARGE, g m-3
[...]
[from data line 1138]
62335,   201,             21139,                2,  10.33765183,   40.22848778,   255.3147774,   1.796186422,   815.2744,   301.2805439,   319.3837808,   306.4289856,   28.83918011,   2.905570388,   57.16484788,   201,   1.8746,   0.3675217485,   112.8626,   111.7726,   98.30948401,   0.3185749,   1.293972,   343.0508,   341.3396,   -1.421631,   3.033324,   3.432576,   301.1249939,   319.2434,   273.0437929,   307.5499939,   307.5569839,   323.3833939,    -9999999,  30.1254,   64.57379,   122.7315,   141.463,   4.678975,   6.087044,   38.22056,   50.11955,   15.92587,                 0,                0,                0,   -9999999,  -0.0073,   0.0009393,   0.0084916,   58.811,   1.740716467,   7391.205,   144.668,   1927.758,    -9999999,   -9999999,  400.6708,   8.922,   8.988,    -9999999,   -9999999,   -9999999,   -9999999,  1708.3,   469.9,   257.7,   944.7,   5429.521,   5345.944,   1102.957,    -9999999,   -9999999,   -9999999,  5174.66,   0.73,   785.871,   3.65,    -9999999,   -9999999,  4.293,   1.571,   0.511,   2.422,   0,   26.147,   42.712,   65.868,   42.712,   25.431,   60.343,   39.755,   17.818,   4.236,   3.182,   2.279,   49.01,   49.01,    -9999999,   -9999999,  2.219,   2.219,   1.751,   0.9377,   0.9342,   0.9188,   0.9342,   1.37,    -9999999,   -9999999,   -9999999,  0.032,    -8888888,  0.163,   0.342,   0.013,   0.122,   0.04,    -8888888,  0.032,   5.13,   6.14519,   7.51457,   0.21991,   0.4242,   1.4347,   3.52912,   0.70668,   0.04034,   0.15138,   0.25502,   0.2221,   0.17042,   0.0639,   -0.00148,   0.00476,      -9999999  
62345,   201,             21140,                2,  10.34019625,   40.23817672,   255.311277,   1.807464022,   814.1388,   301.0175339,   319.2320761,   306.4289856,   28.82095379,   3.392241715,   53.12387369,   201,   1.8876,   0.3787210151,   111.0168,   110.3001,   97.09427384,   0.3163562,   0.700056,   349.2483,   347.2514,   -1.665526,   2.635656,   6.653252,   300.9999939,   319.0918,   272.3919381,   307.0999939,   307.2681739,   323.3990139,    -9999999,  30.10614,   66.53509,   122.7974,   139.9441,   4.471426,   5.81083,   37.64172,   49.23945,   15.44405,                 0,                0,                0,   -9999999,  -0.0342,   0.000934,   0.0084792,   58.2003,   1.752262315,   6783.286,   138.615,   1898.921,    -9999999,  1823.5,   401.1699,   7.052,   7.099,    -9999999,   -9999999,   -9999999,   -9999999,  1129.9,   248.4,   275.1,   732.8,   4446.907,   3070.963,   1196.008,    -9999999,   -9999999,   -9999999,  5174.66,   0.73,   798.324,   3.684,    -9999999,   -9999999,  4.161,   1.542,   0.446,   3.351,   0,   0,   43.397,   66.867,   43.397,   24.892,   61.612,   40.446,   20.151,   3.982,   2.973,   2.153,   49.539,   49.539,    -9999999,   -9999999,  2.194,   2.194,   1.78,   0.9405,   0.9376,   0.9239,   0.9376,   1.37,    -9999999,   -9999999,   -9999999,  0.032,    -8888888,  0.163,   0.342,   0.013,   0.122,   0.04,    -8888888,  0.032,   5.165,   5.26652,   6.77768,   0.21773,   0.1948,   1.12775,   3.02643,   0.71729,   0.03353,   0.10742,   0.15102,   0.14434,   0.10071,   0.03759,   0.0182,   0.0121,      -9999999  
62355,   201,             21141,                2,  10.34283852,   40.24802399,   255.3092445,   1.797954262,   815.0962,   301.4161239,   319.5474649,   306.4289856,   28.80193801,   3.651896104,   46.85682562,   201,   1.8773,   0.3662202525,   111.0428,   111.1265,   97.43190081,   0.3192562,   -2.035332,   355.5158,   353.5274,   -1.635864,   1.205612,   5.755358,   301.0249939,   319.4072,   271.0845629,   307.0749939,   307.4322239,   324.4273439,    -9999999,  30.08607,   65.25388,   122.8655,   133.1461,   4.054461,   5.278486,   38.52707,   50.58814,   13.69737,                 0,                0,                0,   -9999999,  -0.0077,   0.0008467,   0.00848,   59.2796,   1.742637405,   6033.596,   134.174,   1868.692,    -9999999,  1438.8,   400.3757,   3.23,   3.25,    -9999999,   -9999999,   -9999999,   -9999999,  610.5,   299,   137,   734.4,   2242.387,   2556.74,   835.811,    -9999999,   -9999999,   -9999999,   -9999999,   -9999999,  751.994,   3.645,    -9999999,   -9999999,  3.994,   1.359,   0.422,   3.904,   0,   0,   42.426,   64.108,   42.426,   24.288,   63.861,   39.966,   17.136,   3.675,   2.672,   2.01,   48.296,   48.296,    -9999999,   -9999999,  2.2,   2.2,   1.772,   0.9422,   0.9378,   0.9257,   0.9378,   1.37,    -9999999,   -9999999,   -9999999,  0.032,    -8888888,  0.163,   0.342,   0.013,   0.122,   0.04,    -8888888,  0.032,   5.2,   5.00773,   5.58062,   0.28507,   0.13737,   0.79849,   2.93737,   0.6605,   0.00049,   0.0771,   0.14065,   0.10612,   0.07757,   0.02822,   0.00175,   0.0085,      -9999999  
62365,   201,             21142,                2,  10.34557236,   40.2580738,   255.3085854,   1.773448342,   817.5679,   301.4034039,   319.2576737,   306.4289856,   28.78222063,   3.52818547,   53.26426426,   201,   1.8514,   0.3382402218,   112.5025,   110.1939,   97.10723773,   0.3171374,   -2.658172,   1.5231892,   359.5978843,   -1.630371,   0.824215,   5.218264,   301.0999939,   319.1171,   272.2198186,   307.1499939,   307.3296839,   320.9654239,    -9999999,  30.06529,   64.86363,   122.9359,   126.2058,   4.399165,   5.741795,   38.50329,   50.55322,   14.90606,                 0,                0,                0,   -9999999,  0.0032,   0.0008378,   0.0084692,   58.3868,   1.720824015,   7131.685,   139.127,   1896.904,    -9999999,  1854.4,   400.3865,   5.942,   5.984,    -9999999,   -9999999,   -9999999,   -9999999,  893.9,   358.9,   184.2,   741.3,   3218.815,   2466.154,   872.625,    -9999999,   -9999999,   -9999999,  3245.17,   0.66,   792.216,   4.099,    -9999999,   -9999999,  4.189,   1.612,   0.45,   3.118,   0,   0,   41.613,   65.927,   41.613,   25.13,   60.758,   38.251,   14.998,   3.937,   3.041,   2.212,   47.922,   47.922,    -9999999,   -9999999,  2.209,   2.209,   1.796,   0.9426,   0.9367,   0.9266,   0.9367,   1.37,   1201.5,   503,   0.445,   0.032,    -8888888,  0.163,   0.342,   0.013,   0.122,   0.04,    -8888888,  0.032,    -9999999,  5.9425,   6.61488,   0.2269,   0.38691,   1.18262,   3.07144,   0.69251,   0.03975,   0.09402,   0.18478,   0.15679,   0.12599,   0.02058,   0.00352,   0.00069,      -9999999  
62375,   201,             21143,                2,  10.3483953,   40.26829071,   255.3092628,   1.753666822,   819.5671,   301.4017439,   319.0332148,   306.4289856,   28.76180727,   2.544829708,   73.32071317,   201,   1.8278,   0.3124459119,   114.4124,   111.721,   98.54766973,   0.3270812,   -2.066386,   6.17047,   5.092712,   -0.7640991,   0.8111686,   5.349244,   300.8249939,   318.8927,   272.4969178,   307.2749939,   307.4493039,   316.3882839,    -9999999,  30.04376,   65.1777,   123.0086,   120.9458,   4.472489,   5.851032,   38.49344,   50.53624,   15.20044,                 0,                0,                0,   -9999999,  0.0081,   0.0008537,   0.0084506,   61.098,   1.69911724,   7213.678,   142.744,   1900.253,    -9999999,  1848.8,   398.2903,   6.369,   6.415,    -9999999,   -9999999,   -9999999,   -9999999,  860.2,   260.1,   239.9,   694.3,   3019.06,   3360.697,   798.951,    -9999999,   -9999999,   -9999999,  3245.17,   0.66,   850.187,   3.956,    -9999999,   -9999999,  4.059,   1.572,   0.47,   2.348,   0,   0,   43.726,   71.42,   43.726,   26.207,   62.56,   41.41,   18.491,   4.002,   3.116,   2.148,   50.299,   50.299,    -9999999,   -9999999,  2.195,   2.195,   1.775,   0.9392,   0.9324,   0.9223,   0.9324,   1.365,   1374.6,   575.5,   0.375,   0.032,    -8888888,  0.163,   0.342,   0.013,   0.122,   0.04,    -8888888,  0.032,    -9999999,  6.05747,   6.81868,   0.28891,   0.51698,   1.06358,   3.21746,   0.62854,   0.05483,   0.07875,   0.15537,   0.1379,   0.10801,   0.07118,   0.03352,   0.00431,      -9999999  
62385,   201,             21144,                2,  10.35130069,   40.27855797,   255.3111771,   1.734921621,   821.4654,   301.7625639,   319.2040744,   306.4289856,   28.74069554,   2.184873898,   72.85987532,   201,   1.8077,   0.3052462615,   115.7628,   113.3835,   97.69231034,   0.3256561,   -1.5921042,   11.023682,   9.913511,   -0.9129641,   0.873997,   3.688214,   300.8749939,   319.0634,   273.8921812,   307.2749939,   307.5655139,   320.7828039,    -9999999,  30.02149,   63.877,   123.083,   113.6812,   4.941542,   6.474823,   39.30845,   51.78189,   16.47261,                 0,                0,                0,   -9999999,  -0.0024,   0.0008149,   0.008438,   62.3815,   1.680995877,   8014.231,   145.58,   1915.642,    -9999999,  2539,   398.2479,   8.26875,   8.33375,    -9999999,   -9999999,   -9999999,   -9999999,  1188.444444,   489.1111111,   245.8888889,   717,   5106.873,   5757.162,   886.121,    -9999999,   -9999999,   -9999999,  3245.17,   0.66,   886.92,   4.147,    -9999999,   -9999999,  4.608,   1.661,   0.365,   3.335,   0,   10.136,   46.25,   71.468,   46.25,   27.831,   66.713,   43.699,   19.712,   4.952,   3.746,   2.739,   53.549,   53.549,    -9999999,   -9999999,  2.189,   2.189,   1.754,   0.935,   0.9286,   0.9164,   0.9286,   1.36,   1313.3,   549.3,   0.27,   0.032,    -8888888,  0.163,   0.342,   0.013,   0.122,   0.04,    -8888888,  0.032,    -9999999,  7.3794,   7.82011,   0.2193,   0.56911,   1.49014,   3.58255,   0.68992,   0.01056,   0.13051,   0.20883,   0.15026,   0.14874,   0.04402,   0.01407,   0.0301,      -9999999  
62395,   201,             21145,                2,  10.35427032,   40.28879509,   255.3140549,   1.720656981,   822.9122,   301.2711639,   318.5240876,   306.4289856,   28.71901079,   1.886315196,   58.86763687,   201,   1.7938,   0.305888597,   116.6373,   114.4607,   101.0007254,   0.3252313,   -0.7552365,   13.84167,   13.55329,   -0.156005866,   1.0375894,   2.326526,   300.7499939,   318.3833,   275.6939379,   307.1999939,   307.6219139,   312.0171839,    -9999999,  29.99863,   62.70892,   123.1589,   109.3308,   5.625902,   7.376268,   38.22005,   50.12478,   19.30972,                 0,                0,                0,   -9999999,  0.0024,   0.0007968,   0.0084413,   63.5988,   1.667058291,   8918.433,   148.6642857,   1940.218333,    -9999999,  3172.111111,   398.3973,   9.205,   9.283333333,    -9999999,   -9999999,   -9999999,   -9999999,  1796.9,   549,   319,   797.7,   9263.878,   9371.113,   1074.233,    -9999999,   -9999999,   -9999999,  3245.17,   0.66,   909.349,   4.102,    -9999999,   -9999999,  4.82,   1.889,   0.667,   5.783,   0,   26.532,   49.3,   75.135,   49.3,   29.159,   68.68,   46.546,   20.907,   5.586,   4.236,   3.134,   57.25,   57.25,    -9999999,   -9999999,  2.186,   2.186,   1.665,   0.9292,   0.9225,   0.9068,   0.9225,   1.36,   1167.285714,   487.7142857,   0.17,   0.032,    -8888888,  0.163,   0.342,   0.013,   0.122,   0.04,    -8888888,  0.032,    -9999999,  8.20089,   8.31834,   0.23136,   0.5361,   1.87297,   3.89543,   0.95444,   0.08874,   0.16607,   0.31583,   0.17863,   0.15621,   0.04339,   0.01984,   0.00649,      -9999999  
62405,   201,             21146,                2,  10.35728797,   40.29896583,   255.3176529,   1.712915061,   823.6984,   301.1420339,   318.3007065,   306.4289856,   28.69688468,   1.395543787,   29.69944394,   201,   1.7837,   0.3066144172,   117.1583,   113.1774,   99.14231093,   0.3326312,   -0.7378702,   15.53797,   15.90107,   0.4279175,   1.104538,   0.6554036,   300.8499939,   318.1597,   276.6350999,   307.1499939,   307.4151239,   309.5308639,    -9999999,  29.97534,   61.15045,   123.2357,   106.5656,   6.008387,   7.880535,   37.92143,   49.6662,   20.79666,                 0,                0,                0,   -9999999,  0.0007,   0.0007811,   0.0084307,   63.4242,   1.658936279,   9506.983,    -9999999,   -9999999,   -9999999,  3508.2,   398.5471,    -9999999,   -9999999,   -9999999,   -9999999,   -9999999,   -9999999,  2103.9,   691.9,   553.5,   707.1,   11137.817,   6347.296,   1241.731,    -9999999,   -9999999,   -9999999,  3245.17,   0.66,   962.327,   4.462,    -9999999,   -9999999,  4.977,   2.103,   0.69,   4.429,   0,   0,   50.734,   80.914,   50.734,   29.73,   72.313,   48.188,   21.767,   6.144,   4.867,   3.643,   59.292,   59.292,    -9999999,   -9999999,  2.189,   2.189,   1.659,   0.9239,   0.9186,   0.9,   0.9186,   1.358,    -9999999,   -9999999,   -9999999,  0.032,    -8888888,  0.163,   0.342,   0.013,   0.122,   0.04,    -8888888,  0.032,    -9999999,  10.14588,   8.33916,   0.31288,   0.86322,   2.37348,   4.23462,   0.99432,   0.06782,   0.18678,   0.32576,   0.19047,   0.18279,   0.06549,   0.03068,   0.02431,      -9999999  
62415,   201,             21147,                2,  10.36032734,   40.30910188,   255.3215767,   1.706087541,   824.3921,   300.6229339,   317.6756121,   306.4289856,   28.67458117,   1.38720987,   1.432141522,   201,   1.7764,   0.3111812966,   117.4924,   114.4735,   101.563317,   0.3333751,   -0.5685474,   16.35206,   16.78053,   0.441101,   1.124998,   -0.90256168,   300.7749939,   317.5346,   277.0184019,   307.2999939,   307.6236139,   303.7632939,    -9999999,  29.95185,   59.66819,   123.313,   105.0515,   6.164736,   8.090467,   36.78219,   47.93487,   21.99711,                 0,                0,                0,   -9999999,  -0.0035,   0.0008406,   0.008421,   64.0177,   1.651282187,   9903.595,   168.6425,   1976.9325,    -9999999,  3766.7,   399.3644,    -9999999,   -9999999,   -9999999,   -9999999,   -9999999,   -9999999,  2564.4,   768.4,   571.7,   870.6,   6510.121,   6037.066,   1225.285,    -9999999,   -9999999,   -9999999,   -9999999,   -9999999,  967.001,   4.46,    -9999999,   -9999999,  5.567,   1.919,   0.479,   3.36,   0,   6.588,   55.005,   80.691,   55.005,   30.978,   75.136,   49.804,   20.923,   6.909,   5.077,   3.756,   64.018,   64.018,    -9999999,   -9999999,  2.189,   2.189,   1.634,   0.9183,   0.9122,   0.8918,   0.9122,   1.35,   1045.8,   435.4,   0.154,   0.032,    -8888888,  0.163,   0.342,   0.013,   0.122,   0.04,    -8888888,  0.032,    -9999999,  14.5406,   9.29756,   0.28599,   0.90074,   2.45538,   4.61555,   0.9788,   0.13554,   0.28517,   0.39876,   0.25157,   0.21902,   0.0987,   0.02115,   0.03989,      -9999999  
