lessons/tabular_data/data/discoveraq-mrg10-p3b_merge_20140720_R2.ict
183, 1001
Shook, Michael
NASA Atmospheric Composition Branch, NASA Langley Research Center (SSAI)
Merged data file for DISCOVERAQ-Colorado 2014, Flight Day 02 (20140720), on the p3 platform. Data is merged to 10 seconds.
NASA DISCOVER-AQ Colorado Mission 2014
1, 1
2014, 07, 20, 2017, 10, 13
10
UTC,s
137
1, 1, 1, 1, 1, 1, 1, 1, 1, 1, 1, 1, 1, 1, 1, 1, 1, 1, 1, 1, 1, 1, 1, 1, 1, 1, 1, 1, 1, 1, 1, 1, 1, 1, 1, 1, 1, 1, 1, 1, 1, 1, 1, 1, 1, 1, 1, 1, 1, 1, 1, 1, 1, 1, 1, 1, 1, 1, 1, 1, 1, 1, 1, 1, 1, 1, 1, 1, 1, 1, 1, 1, 1, 1, 1, 1, 1, 1, 1, 1, 1, 1, 1, 1, 1, 1, 1, 1, 1, 1, 1, 1, 1, 1, 1, 1, 1, 1, 1, 1, 1, 1, 1, 1, 1, 1, 1, 1, 1, 1, 1, 1, 1, 1, 1, 1, 1, 1, 1, 1, 1, 1, 1, 1, 1, 1, 1, 1, 1, 1, 1, 1, 1, 1, 1, 1, 1
-9999999, -9999999, -9999999, -9999999, -9999999, -9999999, -9999999, -9999999, -9999999, -9999999, -9999999, -9999999, -9999999, -9999999, -9999999, -9999999, -9999999, -9999999, -9999999, -9999999, -9999999, -9999999, -9999999, -9999999, -9999999, -9999999, -9999999, -9999999, -9999999, -9999999, -9999999, -9999999, -9999999, -9999999, -9999999, -9999999, -9999999, -9999999, -9999999, -9999999, -9999999, -9999999, -9999999, -9999999, -9999999, -9999999, -9999999, -9999999, -9999999, -9999999, -9999999, -9999999, -9999999, -9999999, -9999999, -9999999, -9999999, -9999999, -9999999, -9999999, -9999999, -9999999, -9999999, -9999999, -9999999, -9999999, -9999999, -9999999, -9999999, -9999999, -9999999, -9999999, -9999999, -9999999, -9999999, -9999999, -9999999, -9999999, -9999999, -9999999, -9999999, -9999999, -9999999, -9999999, -9999999, -9999999, -9999999, -9999999, -9999999, -9999999, -9999999, -9999999, -9999999, -9999999, -9999999, -9999999, -9999999, -9999999, -9999999, -9999999, -9999999, -9999999, -9999999, -9999999, -9999999, -9999999, -9999999, -9999999, -9999999, -9999999, -9999999, -9999999, -9999999, -9999999, -9999999, -9999999, -9999999, -9999999, -9999999, -9999999, -9999999, -9999999, -9999999, -9999999, -9999999, -9999999, -9999999, -9999999, -9999999, -9999999, -9999999, -9999999, -9999999, -9999999, -9999999, -9999999, -9999999
JDAY, days
INDEX, none
FLIGHT, none
LOCAL_SUN_TIME, hour
LATITUDE, degs
LONGITUDE, degs
ALTP, km
PRESSURE, hPa
TEMPERATURE, K
THETA, K
O3COLUMN, DU
SZA, deg
WNS, m s-1
WND, Degs
DayOfYear, day
GPS_ALT, km
Radar_Altitude, km
GRD_SPD, m s-1
TAS, m s-1
IAS, m/s
MachNumber, mach
VerticalSpeed, m s-1
HDG, degs
TRK, degs
DriftAngle, degs
PITCH, degs
ROLL, degs
StaticTemp_Aircraft, K
Theta_REVEAL, K
Dewpoint, K
TotalTemp_Aircraft, K
TotalTemp, K
IR_SurfTemp, K
CabinPressure, hPa
SolarZenithAngle, degs
AircraftSunElevation, degs
SunAzimuth, degs
AircraftSunAzimuth, degs
MixingRatio, g kg-1
VaporPresWater, hPa
SatVaporPresWater, hPa
SatVaporPresIce, hPa
RelativeHumidity, %
ProfileNumber, none
SiteSeqNumber, none
MissedApproachNumber, none
ProfileCenterBearing, degs
IRS_VERT_ACC, G
A_JNO2_Nadir, sec-1
A_JNO2_Zenith, sec-1
C_DiffPressure, hPa
C_CabAltitude, km
H2O_DLH, ppmv
CO_DACOM, ppbv
CH4_DACOM, ppbv
N2O_DACOM, ppbv
CH2O_DFGAS, pptv
CO2_LICOR, ppmv
Ethane_TILDAS, ppbv
Ethane-dry_TILDAS, ppbv
NO_MixingRatio, pptv
NOy_MixingRatio, pptv
NO2_MixingRatio, pptv
O3_MixingRatio, ppbv
NO2_LIF, pptv
PNs_LIF, pptv
ANs_LIF, pptv
HNO3_LIF, pptv
CNgt3nm, cm-3
CNgt10nm, cm-3
CNgt10nm_nonvol, cm-3
LiquidWaterContent_CAS_LARGE, g m-3
[...]
[from data line 745]
58405,   201,             20746,                2,  9.219366099,   39.60872536,   254.9154915,   4.616013177,   568.4972,   276.1264499,   324.4782809,   306,   40.23114778,   9.59268541,   289.8136287,   201,   4.9208,    -9999999,  142.025,   138.1345,   110.9776719,   0.4156439,   -2.118298,   216.4313,   213.5983,   -2.956969,   0.3985292,   -2.576808,   275.8999939,   324.3544,   263.3318819,   285.3999939,   285.6717239,   302.3560639,    -9999999,  41.70259,   51.03169,   104.0514,   247.1164,   3.205204,   2.914524,   7.587745,   7.810439,   38.41014,                 0,                0,                0,   -9999999,  0.0008,   0.0022268,   0.0088313,   69.8956,   1.94768218,   5413.293,   124.098,   1845.808,    -9999999,  686.1,    -9999999,  0.932,   0.938,    -9999999,   -9999999,   -9999999,   -9999999,   -9999999,   -9999999,   -9999999,   -9999999,  827.605,   825.227,   374.899,    -9999999,   -9999999,   -9999999,  503.83,   0.62,   541.602,   2.339,    -9999999,   -9999999,  2.037,   1.062,   0.265,   0.695,   0,   0,   24.49,   36.499,   24.195,   13.17,   34.702,   23.35,   10.748,   -0.025,   -0.065,   -0.124,   26.167,   25.87,    -9999999,   -9999999,  2.218,   2.199,    -9999999,   -9999999,   -9999999,   -9999999,   -9999999,  1.8,    -9999999,   -9999999,   -9999999,   -8888888,   -8888888,  0.053,    -8888888,   -8888888,   -8888888,   -8888888,   -8888888,   -8888888,  3.835,    -9999999,   -9999999,   -9999999,   -9999999,   -9999999,   -9999999,   -9999999,   -9999999,   -9999999,   -9999999,   -9999999,   -9999999,   -9999999,   -9999999,   -9999999,     -9999999  
58415,   201,             20747,                2,  9.22154207,   39.59810296,   254.9064644,   4.596384057,   569.9755,   275.7888659,   323.841205,   306,   40.20407459,   7.869044293,   286.2303152,   201,   4.9003,    -9999999,  140.7454,   138.5334,   106.8911149,   0.4113062,   -1.2432348,   215.3112,   213.2865,   -2.034668,   1.0753902,   -1.009335,   275.8999939,   323.7171,   263.5039979,   285.3999939,   285.6529139,   304.3150339,    -9999999,  41.67565,   49.83982,   104.0675,   249.7506,   3.240395,   2.953973,   7.407822,   7.600101,   39.87638,                 0,                0,                0,   -9999999,  0.0528,   0.0022149,   0.0088336,   69.7754,   1.948244304,   5384.836,   126.312,   1844.908,    -9999999,  634,    -9999999,  1.104,   1.108,    -9999999,   -9999999,   -9999999,   -9999999,   -9999999,   -9999999,   -9999999,   -9999999,  876.204,   902.185,   380.657,    -9999999,   -9999999,   -9999999,  503.83,   0.62,   520.242,   2.356,    -9999999,   -9999999,  2.426,   1.555,   0.355,   2.793,   0,   0,   25.806,   38.592,   25.43,   14.402,   35.178,   24.154,   8.636,   -0.462,   -0.359,   -0.039,   27.233,   26.855,   0,   1.0025,   2.175,   2.158,    -9999999,   -9999999,   -9999999,   -9999999,   -9999999,  1.795,    -9999999,   -9999999,   -9999999,   -8888888,   -8888888,  0.053,    -8888888,   -8888888,   -8888888,   -8888888,   -8888888,   -8888888,  3.82,    -9999999,   -9999999,   -9999999,   -9999999,   -9999999,   -9999999,   -9999999,   -9999999,   -9999999,   -9999999,   -9999999,   -9999999,   -9999999,   -9999999,   -9999999,     -9999999  
58425,   201,             20748,                2,  9.223726281,   39.58768274,   254.8975609,   4.612812777,   568.7382,   275.5745869,   323.7905705,   306,   40.17695908,   6.275467054,   282.0694262,   201,   4.9166,    -9999999,  137.1251,   134.5818,   102.8849134,   0.4038565,   3.049176,   215.4828,   213.671,   -1.828126,   2.73244,   -0.55340156,   275.6499939,   323.6666,   263.5992139,   284.9749939,   284.9095139,   305.8560439,    -9999999,  41.64864,   50.00222,   104.0839,   251.6197,   3.272123,   2.976235,   7.297316,   7.471645,   40.8024,                 0,                0,                0,   -9999999,  -0.0027,   0.0022001,   0.008829,   65.8667,   1.949143324,   5464.721,   128.466,   1841.126,    -9999999,  677.4,   398.423875,   1.102,   1.11,    -9999999,   -9999999,   -9999999,   -9999999,   -9999999,   -9999999,   -9999999,   -9999999,  868.368,   836.523,   380.839,    -9999999,   -9999999,   -9999999,  503.83,   0.62,   508.662,   2.522,    -9999999,   -9999999,  1.853,   0.923,   0.289,   1.387,   0,   0,   24.346,   35.617,   24.009,   14.986,   37.619,   23.829,   8.573,   -0.611,   -0.485,   -0.516,   25.586,   25.246,   0.005,   1.006666667,   2.127,   2.107,    -9999999,   -9999999,   -9999999,   -9999999,   -9999999,  1.794,    -9999999,   -9999999,   -9999999,   -8888888,   -8888888,  0.053,    -8888888,   -8888888,   -8888888,   -8888888,   -8888888,   -8888888,  3.645,    -9999999,   -9999999,   -9999999,   -9999999,   -9999999,   -9999999,   -9999999,   -9999999,   -9999999,   -9999999,   -9999999,   -9999999,   -9999999,   -9999999,   -9999999,     -9999999  
58435,   201,             20749,                2,  9.225921681,   39.57764396,   254.8888252,   4.641555417,   566.5783,   275.3301709,   323.8552698,   306,   40.14981664,   5.065970476,   277.2580388,   201,   4.9473,    -9999999,  132.7586,   131.2025,   100.5217818,   0.3960126,   2.696686,   215.55,   214.1637,   -1.339233,   3.001672,   -0.08033762,   275.2749939,   323.7313,   263.4978939,   284.1999939,   284.0601439,   306.0464839,    -9999999,  41.62155,   49.66528,   104.101,   252.023,   3.258368,   2.952599,   7.170468,   7.324032,   41.18054,                 0,                0,                0,   -9999999,  -0.0221,   0.0021889,   0.0088346,   62.1357,   1.94958985,   5411.931,   129.127,   1847.76,    -9999999,  740.9,   398.4176,   1.24,   1.245,    -9999999,   -9999999,   -9999999,   -9999999,   -9999999,   -9999999,   -9999999,   -9999999,  729.462,   784.983,   380.248,    -9999999,   -9999999,   -9999999,  503.83,   0.62,   505.51,   2.359,    -9999999,   -9999999,  2.001,   0.85,   0.315,   1.514,   0,   0,   24.703,   37.358,   24.275,   14.789,   37.468,   24.397,   9.623,   -0.845,   -0.601,   -0.57,   25.867,   25.422,   0.029,   1.04,   2.156,   2.142,    -9999999,   -9999999,   -9999999,   -9999999,   -9999999,  1.8,    -9999999,   -9999999,   -9999999,   -8888888,   -8888888,  0.053,    -8888888,   -8888888,   -8888888,   -8888888,   -8888888,   -8888888,  3.48,    -9999999,   -9999999,   -9999999,   -9999999,   -9999999,   -9999999,   -9999999,   -9999999,   -9999999,   -9999999,   -9999999,   -9999999,   -9999999,   -9999999,   -9999999,     -9999999  
58445,   201,             20750,                2,  9.228124813,   39.56794587,   254.8802055,   4.658624218,   565.2987,   275.2186509,   323.9332907,   306,   40.12267516,   4.295140798,   273.0222034,   201,   4.9645,    -9999999,  129.6463,   129.7621,   97.7051199,   0.3907,   1.1368398,   216.1193,   214.7937,   -1.27057,   2.61763,   -0.2073327292,   274.9999939,   323.8095,   263.2549779,   283.6749939,   283.5252339,   305.7037039,    -9999999,  41.59455,   49.71687,   104.1185,   250.9919,   3.203317,   2.896388,   7.113687,   7.258171,   40.72586,                 0,                0,                0,   -9999999,  -0.0062,   0.0021687,   0.0088363,   60.5098,   1.949904267,   5300.633,   128.663,   1848.475,    -9999999,  684.4,   398.4941,   1.29,   1.297,    -9999999,   -9999999,   -9999999,   -9999999,   -9999999,   -9999999,   -9999999,   -9999999,  686.284,   764.611,   372.331,    -9999999,   -9999999,   -9999999,  503.83,   0.62,   531.422,   2.402,    -9999999,   -9999999,  1.785,   0.738,   0.229,   1.043,   0,   0,   23.514,   36.183,   23.199,   12.542,   36.311,   23.476,   8.625,   0.081,   -0.026,   0.142,   25.149,   24.819,   0.026,   1.036,   2.182,   2.17,    -9999999,   -9999999,   -9999999,   -9999999,   -9999999,  1.807,    -9999999,   -9999999,   -9999999,   -8888888,   -8888888,  0.053,    -8888888,   -8888888,   -8888888,   -8888888,   -8888888,   -8888888,  3.44,    -9999999,   -9999999,   -9999999,   -9999999,   -9999999,   -9999999,   -9999999,   -9999999,   -9999999,   -9999999,   -9999999,   -9999999,   -9999999,   -9999999,   -9999999,     -9999999  
58455,   201,             20751,                2,  9.230329371,   39.55848883,   254.8716072,   4.668316858,   564.573,   274.9747119,   323.7649802,   306,   40.09557839,   4.115422143,   271.939098,   201,   4.9743,    -9999999,  127.8137,   127.8522,   99.34505173,   0.3857811,   0.6848476,   216.8916,   215.269,   -1.585328,   2.66937,   -0.7342298,   274.9999939,   323.6413,   262.9437039,   283.1499939,   283.2722939,   306.9664039,    -9999999,  41.56747,   50.28783,   104.1362,   250.0911,   3.129097,   2.825988,   6.989879,   7.114637,   40.4293,                 0,                0,                0,   -9999999,  -0.0043,   0.0021312,   0.0088313,   59.3787,   1.950136905,   5175.628,   127.434,   1846.893,    -9999999,  725.2,   398.5969,   1.182,   1.189,    -9999999,   -9999999,   -9999999,   -9999999,   -9999999,   -9999999,   -9999999,   -9999999,  717.104,   785.644,   368.8,    -9999999,   -9999999,   -9999999,   -9999999,   -9999999,  542.804,   2.351,    -9999999,   -9999999,  1.676,   0.713,   0.194,   0.303,   0,   0,   24.681,   35.204,   24.302,   14.017,   36.209,   23.339,   7.727,   -0.932,   -0.72,   -0.621,   25.684,   25.269,   0.022,   1.031,   2.189,   2.171,    -9999999,   -9999999,   -9999999,   -9999999,   -9999999,  1.81,    -9999999,   -9999999,   -9999999,   -8888888,   -8888888,  0.053,    -8888888,   -8888888,   -8888888,   -8888888,   -8888888,   -8888888,  3.49,    -9999999,   -9999999,   -9999999,   -9999999,   -9999999,   -9999999,   -9999999,   -9999999,   -9999999,   -9999999,   -9999999,   -9999999,   -9999999,   -9999999,   -9999999,     -9999999  
58465,   201,             20752,                2,  9.232539367,   39.54914742,   254.8630905,   4.675113898,   564.0646,   274.9210149,   323.7850879,   306,   40.06844809,   4.526382441,   274.7775078,   201,   4.981,    -9999999,  126.5275,   127.4117,   97.99464673,   0.3846625,   0.5681028,   217.0964,   215.1025,   -2.011048,   2.651206,   -1.530052,   274.8499939,   323.6614,   262.7422839,   282.8999939,   283.1048239,   303.4458839,    -9999999,  41.54043,   51.06279,   104.1542,   249.5815,   3.082035,   2.781187,   6.963337,   7.084004,   39.94572,                 0,                0,                0,   -9999999,  -0.0144,   0.0020767,   0.0088359,   58.5383,   1.950144723,   5133.026,   127.025,   1848.227,    -9999999,  741.6,   398.3283,   1.097,   1.101,    -9999999,   -9999999,   -9999999,   -9999999,   -9999999,   -9999999,   -9999999,   -9999999,  705.657,   780.078,   367.704,    -9999999,   -9999999,   -9999999,  502.3,   0.69,   544.011,   2.4,    -9999999,   -9999999,  1.815,   0.694,   0.211,   0.217,   0,   0,   23.037,   34.242,   22.814,   13.696,   36.021,   21.047,   8.313,   -1.387,   -1.03,   -0.972,   23.558,   23.307,   0.012,   1.014,   2.128,   2.108,    -9999999,   -9999999,   -9999999,   -9999999,   -9999999,  1.81,   1231.5,   513.5,   0.455,    -8888888,  0.01,   0.042,    -8888888,   -8888888,   -8888888,   -8888888,   -8888888,   -8888888,  3.58,    -9999999,   -9999999,   -9999999,   -9999999,   -9999999,   -9999999,   -9999999,   -9999999,   -9999999,   -9999999,   -9999999,   -9999999,   -9999999,   -9999999,   -9999999,     -9999999  
58475,   201,             20753,                2,  9.234779374,   39.53970222,   254.855024,   4.675174858,   564.06,   275.2472649,   324.1700804,   306,   40.04095151,   4.856613079,   272.9692371,   201,   4.982,    -9999999,  125.7496,   126.7138,   96.3161319,   0.3829628,   -0.37033146,   211.5302,   210.7536,   -1.5320435,   3.036416,   -15.521942,   274.8999939,   324.0465,   262.4749339,   282.8999939,   283.0945709,   305.4595639,    -9999999,  41.51301,   64.3634,   104.1724,   250.3462,   3.017047,   2.72279,   7.127485,   7.27403,   38.20397,                 0,                0,                0,   -9999999,  0.017,   0.001948,   0.0087592,   58.5652,   1.950542551,   5047.405,   126.664,   1858.224,    -9999999,  623.6,   398.5183,   1.17,   1.177,    -9999999,   -9999999,   -9999999,   -9999999,   -9999999,   -9999999,   -9999999,   -9999999,  695.199,   763.499,   361.438,    -9999999,   -9999999,   -9999999,  502.3,   0.69,   507.791,   2.272,    -9999999,   -9999999,  1.781,   0.695,   0.152,   0.894,   0,   0,   23.37,   33.84,   23.196,   13.341,   34.392,   22.66,   8.237,   -0.607,   -0.637,   -0.435,   24.369,   24.162,   0.00875,   1.01,   2.141,   2.116,    -9999999,   -9999999,   -9999999,   -9999999,   -9999999,  1.81,   1134.9,   473.2,   0.437,    -8888888,  0.01,   0.042,    -8888888,   -8888888,   -8888888,   -8888888,   -8888888,   -8888888,  3.67,    -9999999,   -9999999,   -9999999,   -9999999,   -9999999,   -9999999,   -9999999,   -9999999,   -9999999,   -9999999,   -9999999,   -9999999,   -9999999,   -9999999,   -9999999,     -9999999  
58485,   201,             20754,                2,  9.237219017,   39.52928199,   254.8499519,   4.683252058,   563.4567,   274.9237619,   323.8880925,   306,   40.01096375,   4.162683207,   262.7031835,   201,   4.9904,    -9999999,  124.2769,   124.7237,   98.02674779,   0.3761063,   1.314132,   192.3854,   192.713,   -0.9338382,   4.628574,   -27.32438,   274.7499939,   323.7646,   262.3455539,   282.5999939,   282.7237219,   302.6109439,    -9999999,  41.48313,   74.3911,   104.1922,   292.95193,   2.989136,   2.694841,   6.964452,   7.085247,   38.69543,                 0,                0,                0,   -9999999,  -0.0305,   0.0019258,   0.0086939,   56.2068,   1.951339143,   5061.746,   125.848,   1853.661,    -9999999,  590.4,   398.617,   1.2825,   1.29,    -9999999,   -9999999,   -9999999,   -9999999,   -9999999,   -9999999,   -9999999,   -9999999,  669.795,   775.666,   355.342,    -9999999,   -9999999,   -9999999,  502.3,   0.69,   526.379,   2.293,    -9999999,   -9999999,  1.65,   0.59,   0.164,   0.561,   0,   0,   21.975,   33.554,   21.832,   12.947,   33.786,   21.818,   9.05,   -0.466,   -0.213,   -0.008,   23.313,   23.143,   0.008,   1.01,   2.199,   2.17,    -9999999,   -9999999,   -9999999,   -9999999,   -9999999,  1.81,   1025.4,   428.6,   0.37,    -8888888,  0.01,   0.042,    -8888888,   -8888888,   -8888888,   -8888888,   -8888888,   -8888888,  3.54,    -9999999,   -9999999,   -9999999,   -9999999,   -9999999,   -9999999,   -9999999,   -9999999,   -9999999,   -9999999,   -9999999,   -9999999,   -9999999,   -9999999,   -9999999,     -9999999  
